14
14
14
14
14
14
14
14
14
14
14
14
14
14
14
14
14
14
14
14
14
14
14
14
14
14
14
14
14
14
14
14
14
17
24
33
33
45
49
13
28
28
33
33
17
16
17
26
33
33
33
33
33
33
33
33
33
33
17
17
28
33
28
27
45
46
40
40
45
39
37
44
45
23
35
46
35
49
46
43
38
44
43
36
39
46
45
58
44
44
38
28
26
28
28
28
28
32
35
29
36
30
24
32
38
20
21
41
20
54
37
34
37
36
30
27
26
38
35
55
34
35
29
28
28
28
37
14
33
14
17
33
31
50
40
40
28
70
36
16
60
14
14
14
14
17
17
31
31
37
33
48
28
53
27
16
49
14
14
44
14
17
33
33
33
33
28
40
28
43
21
30
28
16
43
28
23
33
22
22
28
33
33
17
28
22
22
30
52
52
52
27
46
46
46
46
46
46
58
40
39
39
39
39
23
23
23
23
45
46
43
43
43
43
43
33
43
46
46
46
46
44
38
36
32
32
32
32
32
32
45
29
30
30
30
30
20
20
20
20
34
37
34
34
34
34
34
33
34
38
38
38
38
35
37
35